A Netherlands 74.63 79.07 87.50 99.99 0.00 78.43
BBB United States 96.30 79.63 68.75 78.57 75.00 82.84
BBB United Kingdom 74.63 79.07 43.75 69.05 37.50 67.12
BBB Sweden 72.22 62.96 75.00 73.81 0.00 65.87
BBB Australia 64.44 81.85 56.25 69.05 25.00 65.34
BBB Portugal 58.52 73.52 68.75 83.33 0.00 65.22
BBB Croatia 69.63 70.19 56.25 76.19 0.00 64.50
BBB Spain 77.04 64.07 50.00 73.81 0.00 64.09
BBB Belgium 71.30 50.74 75.00 71.43 0.00 62.36
BBB Norway 65.93 82.41 37.50 69.05 0.00 61.47
BBB Austria 57.96 59.07 68.75 76.19 0.00 60.16
BB Argentina 49.26 59.81 87.50 78.57 0.00 59.79
BB Germany 61.67 64.81 43.75 78.57 0.00 59.60
BB Denmark 59.81 68.52 50.00 69.05 0.00 58.31
BB Montenegro 69.63 60.56 56.25 59.52 0.00 58.27
BB Canada 57.41 68.52 62.50 64.29 0.00 58.13
BB Georgia 67.59 58.70 56.25 59.52 0.00 57.22
BB Hungary 59.81 41.85 68.75 76.19 0.00 57.06
BB Brazil 45.56 34.44 87.50 78.57 37.50 56.85
BB France 52.59 76.85 43.75 69.05 0.00 55.88
BB New Zealand 53.70 47.96 43.75 88.10 0.00 55.81
BB Ireland 69.63 71.30 18.75 61.90 0.00 55.81
BB Switzerland 60.19 64.81 25.00 73.81 0.00 55.26
BB Macedonia 70.37 60.19 62.50 42.86 0.00 55.16
BB Finland 52.78 62.04 56.25 66.67 0.00 54.96
BB Slovenia 52.04 51.30 56.25 76.19 0.00 54.80
BB Serbia 61.67 76.67 31.25 54.76 0.00 54.40
BB Albania 73.70 46.30 43.75 61.90 0.00 54.34
BB Philippines 46.48 62.78 50.00 78.57 0.00 54.18
BB Poland 46.11 47.96 68.75 76.19 0.00 53.96
BB Latvia 58.89 50.19 43.75 71.43 0.00 53.79
BB Czech Republic 54.81 50.74 56.25 66.67 0.00 53.19
BB Jamaica 47.78 61.85 81.25 54.76 0.00 52.91
BB Mexico 45.00 63.15 50.00 73.81 0.00 52.59
BB Dominican Republic 49.26 59.07 62.50 64.29 0.00 52.49
BB Moldova 55.56 57.59 50.00 64.29 0.00 52.41
BB Lithuania 59.26 54.81 25.00 73.81 0.00 51.82
BB Costa Rica 56.48 45.56 37.50 71.43 0.00 51.13
BB Cyprus 54.26 74.44 18.75 61.90 0.00 50.55
B United Arab Emirates 63.89 36.67 56.25 57.14 0.00 49.71
B Nicaragua 44.07 66.11 56.25 52.38 0.00 49.46
B Italy 42.59 65.93 37.50 69.05 0.00 49.44
B Bangladesh 39.44 60.37 68.75 59.52 0.00 49.32
B Chile 44.63 52.59 50.00 69.05 0.00 49.02
B Israel 49.81 47.96 50.00 61.90 0.00 48.91
B Bosnia and Herzegovina 57.41 43.70 31.25 69.05 0.00 48.54
B Uruguay 40.56 43.70 43.75 78.57 0.00 48.29
B Colombia 44.07 41.85 43.75 73.81 0.00 47.84
B Kosovo 48.15 59.92 43.75 47.62 0.00 47.72
B Slovakia 57.96 42.41 31.25 61.90 0.00 47.66
B Nigeria 50.74 59.63 50.00 45.24 0.00 47.54
B Uganda 50.93 50.19 37.50 59.52 0.00 47.36
B Guatemala 37.59 51.48 56.25 64.29 0.00 47.22
B Nepal 42.78 38.15 75.00 61.90 0.00 47.12
B Turkey 57.41 47.41 37.50 52.38 0.00 47.06
B Paraguay 35.93 55.56 37.50 76.19 0.00 46.86
B Ukraine 62.04 47.78 12.50 61.90 0.00 46.44
B Armenia 48.33 49.81 56.25 50.00 0.00 45.75
B Ecuador 37.22 62.22 25.00 71.43 0.00 45.73
B Vietnam 45.19 34.07 62.50 66.67 0.00 45.42
B Bulgaria 43.15 38.52 43.75 71.43 0.00 45.23
B Peru 47.78 28.33 62.50 61.90 0.00 44.83
B SouthAfrica 38.89 55.74 31.25 64.29 0.00 43.98
B Sierra Leone 44.44 45.56 43.75 54.76 0.00 42.99
B Iceland 45.37 52.22 37.50 45.24 0.00 42.44
B Jordan 45.00 42.22 56.25 42.86 0.00 42.26
B Sri Lanka 25.93 38.52 37.50 83.33 0.00 41.78
B Thailand 35.19 35.93 56.25 61.90 0.00 41.52
B Mozambique 53.89 50.56 12.50 47.62 0.00 40.85
B Indonesia 37.59 40.56 50.00 54.76 0.00 40.61
B Benin 38.70 20.56 56.25 66.67 0.00 40.55
B Romania 37.59 36.85 56.25 50.00 0.00 40.52
B India 44.07 45.00 43.75 45.24 0.00 40.37
B Senegal 49.63 32.59 25.00 54.76 0.00 40.20
CCC Trinidad and Tobago 31.11 44.63 31.25 66.67 0.00 39.69
CCC Taiwan 50.56 23.62 43.75 42.86 0.00 39.51
CCC Estonia 30.19 23.33 31.25 80.95 0.00 39.40
CCC Pakistan 28.52 37.04 25.00 76.19 0.00 38.72
CCC Egypt 35.74 32.04 50.00 52.38 0.00 38.59
CCC Panama 11.85 73.15 37.50 57.14 0.00 38.13
CCC Azerbaijan 28.33 60.37 18.75 57.14 0.00 38.01
CCC Burkina Faso 47.41 30.56 37.50 42.86 0.00 37.86
CCC Qatar 52.41 44.26 25.00 35.71 0.00 37.83
CCC Greece 53.89 36.85 18.75 38.10 0.00 37.42
CCC El Salvador 32.96 28.89 50.00 57.14 0.00 37.21
CCC Rwanda 30.93 45.19 31.25 54.76 0.00 36.78
CCC Lesotho 31.48 25.74 50.00 59.52 0.00 36.66
CCC Tajikistan 41.99 34.44 25.00 54.76 0.00 36.14
CCC Cambodia 25.19 33.33 37.50 64.29 0.00 35.67
CCC Malaysia 36.48 51.48 31.25 35.71 0.00 35.15
CCC Ethiopia 21.30 33.33 62.50 52.38 0.00 35.01
CCC Bolivia 17.59 36.67 50.00 57.14 0.00 34.94
CCC Guyana 25.74 50.74 25.00 52.38 0.00 34.81
CCC Barbados 39.44 29.26 50.00 38.10 0.00 34.62
CCC Tunisia 36.11 22.22 18.75 61.90 0.00 34.52
CCC Djibouti 25.00 28.89 37.50 59.52 0.00 34.46
CCC Belarus 35.37 26.11 43.75 52.38 0.00 34.31
CCC Cameroon 30.37 33.89 37.50 47.62 0.00 34.29
CCC Lebanon 37.59 32.04 37.50 42.86 0.00 34.02
CCC Honduras 24.63 31.67 37.50 59.52 0.00 33.94
CCC Luxembourg 33.15 31.67 68.75 26.19 0.00 33.81
CCC Myanmar 41.11 8.89 50.00 50.00 0.00 33.76
CCC Ivory Coast 37.96 30.19 50.00 30.95 0.00 33.55
CCC Kyrgyzstan 27.96 35.74 37.50 50.00 0.00 33.50
CCC Zambia 33.89 29.81 43.75 38.10 0.00 33.06
CCC Kazakhstan 38.33 44.07 18.75 35.71 0.00 32.37
CCC China 35.56 23.70 31.25 52.38 0.00 32.07
CCC Haiti 33.52 37.22 50.00 28.57 0.00 32.04
CCC Gambia 22.59 35.19 37.50 45.24 0.00 31.47
CCC Namibia 28.15 22.04 31.25 52.38 0.00 31.33
CCC Bahrain 36.67 36.67 25.00 35.71 0.00 31.14
CCC Mongolia 27.78 31.67 31.25 47.62 0.00 31.08
CCC Mauritius 34.44 27.41 18.75 45.24 0.00 30.93
CCC Laos 28.70 26.48 31.25 50.00 0.00 30.87
CCC Japan 42.59 19.44 18.75 45.24 0.00 30.85
CCC Liberia 27.22 27.41 31.25 50.00 0.00 30.59
CCC Oman 36.11 29.26 12.50 47.62 0.00 30.57
CCC Swaziland 36.30 22.04 37.50 42.86 0.00 30.46
CC Gabon 30.00 24.26 25.00 45.24 0.00 29.72
CC Tanzania 27.04 26.48 25.00 47.62 0.00 28.84
CC Chad 26.85 12.04 31.25 52.38 0.00 28.77
CC Venezuela 25.00 40.93 12.50 40.48 0.00 28.71
CC SaudiArabia 28.70 34.44 25.00 38.10 0.00 28.70
CC South Korea 35.93 31.85 12.50 33.33 0.00 28.49
CC Ghana 22.04 30.19 25.00 45.24 0.00 28.43
CC Russia 21.48 28.33 12.50 61.90 0.00 28.24
CC Algeria 28.52 24.07 25.00 42.86 0.00 27.61
CC Madagascar 31.30 14.44 31.25 42.86 0.00 27.33
CC Singapore 36.11 22.41 0.00 42.86 0.00 27.12
CC Uzbekistan 24.26 23.70 18.75 52.38 0.00 26.65
CC Botswana 24.81 14.81 37.50 42.86 0.00 26.22
CC Turkmenistan 14.81 35.74 12.50 54.76 0.00 25.90
CC Mauritania 25.00 32.41 12.50 40.48 0.00 25.88
CC Kuwait 14.81 33.33 25.00 45.24 0.00 25.79
CC Suriname 20.56 19.44 31.25 40.48 0.00 25.36
CC Malawi 32.22 21.11 12.50 38.10 0.00 25.19
CC Burundi 29.63 14.81 18.75 38.10 0.00 23.90
CC Kenya 21.85 27.41 6.25 42.86 0.00 23.50
CC Morocco 6.48 24.63 18.75 52.38 0.00 23.13
CC Timor-Leste 25.93 25.93 0.00 40.48 0.00 23.01
CC Niger 12.41 29.26 25.00 40.48 0.00 22.95
CC Republic of the Congo 22.22 8.89 37.50 35.71 0.00 22.33
CC Cuba 25.00 17.78 12.50 38.10 0.00 22.15
CC Mali 15.19 12.04 43.75 33.33 0.00 22.04
CC Sudan 24.07 27.41 6.25 33.33 0.00 21.84
CC Angola 20.37 20.37 31.25 28.57 0.00 21.52
CC Zimbabwe 15.37 20.56 12.50 42.86 0.00 20.85
CC Guinea-Bissau 14.81 32.04 25.00 21.43 0.00 20.56
C Brunei 7.41 35.74 12.50 30.95 0.00 19.56
C Cape Verde 15.19 15.37 25.00 30.95 0.00 19.48
C Togo 26.48 4.63 31.25 19.05 0.00 18.73
C South Sudan 20.37 1.48 18.75 28.57 0.00 15.69
C Democratic Republic of the Congo 7.78 11.67 31.25 26.19 0.00 15.01 
C Guinea 2.78 12.96 31.25 28.57 0.00 14.28
C Papua New Guinea 6.48 23.70 25.00 14.29 0.00 13.31
C CentralAfrican Republic 14.81 17.22 12.50 7.14 0.00 11.02 
C Hong Kong, SAR China 5.93 5.19 0.00 30.95 0.00 10.75
D Equatorial Guinea 0.00 18.52 0.00 23.81 0.00 8.92
D Eritrea 0.00 2.96 0.00 26.19 0.00 5.18
D Iran 0.00 7.41 0.00 16.67 0.00 4.75
D North Korea 0.00 –13.89 0.00 –7.14 0.00 –5.76